A-n63-k10
63
Route_0: 0-45-41-12-6-27-35-8-0-END
Route_1: 0-14-2-9-1-39-3-19-0-END
Route_2: 0-29-7-33-55-22-58-51-11-50-0-END
Route_3: 0-40-21-31-44-34-47-32-57-0-END
Route_4: 0-49-54-16-37-60-23-0-END
Route_5: 0-25-53-15-18-5-42-10-59-0-END
Route_6: 0-62-24-46-61-0-END
Route_7: 0-20-28-13-26-4-38-0-END
Route_8: 0-36-43-30-17-56-0-END
Route_9: 0-48-52-0-END
Total Routed Nodes 63
Using no. Tracks: 10
Time Horizon: 41.16412544250488
Routing Total Cost: 1480.8087440953432
