A-n63-k9
63
Route_0: 0-47-4-18-1-46-31-38-43-42-0-END
Route_1: 0-52-49-8-24-59-27-45-5-19-0-END
Route_2: 0-58-35-62-23-9-41-3-0-END
Route_3: 0-16-50-51-57-14-40-32-55-0-END
Route_4: 0-2-34-36-48-61-6-0-END
Route_5: 0-28-22-17-37-39-10-13-0-END
Route_6: 0-21-53-12-60-30-29-7-0-END
Route_7: 0-20-54-25-56-15-0-END
Route_8: 0-11-33-44-26-0-END
Total Routed Nodes 63
Using no. Tracks: 9
Time Horizon: 44.080944538116455
Routing Total Cost: 1933.528588002792
