A-n64-k9
64
Route_0: 0-27-35-26-21-7-36-40-39-44-50-31-59-55-63-0-END
Route_1: 0-16-8-46-47-2-58-54-5-0-END
Route_2: 0-9-23-37-49-14-1-28-43-0-END
Route_3: 0-41-24-60-4-34-51-0-END
Route_4: 0-3-30-17-12-22-18-0-END
Route_5: 0-62-19-20-0-END
Route_6: 0-45-15-11-57-53-48-32-52-0-END
Route_7: 0-56-13-61-42-33-38-0-END
Route_8: 0-10-25-29-6-0-END
Total Routed Nodes 64
Using no. Tracks: 9
Time Horizon: 33.58192491531372
Routing Total Cost: 1627.034224335393
