A-n60-k9
60
Route_0: 0-43-56-12-9-51-32-10-46-0-END
Route_1: 0-42-45-5-54-36-49-20-0-END
Route_2: 0-2-44-1-22-48-27-0-END
Route_3: 0-50-58-24-28-31-30-53-21-0-END
Route_4: 0-55-15-26-17-37-57-29-18-0-END
Route_5: 0-34-35-39-8-13-7-19-0-END
Route_6: 0-38-59-52-23-47-0-END
Route_7: 0-14-6-4-11-40-3-25-0-END
Route_8: 0-33-41-16-0-END
Total Routed Nodes 60
Using no. Tracks: 9
Time Horizon: 38.989182472229004
Routing Total Cost: 1572.9664108885145
