A-n69-k9
69
Route_0: 0-30-15-13-35-45-20-41-59-8-39-0-END
Route_1: 0-29-40-48-1-36-10-17-32-50-0-END
Route_2: 0-2-33-49-9-6-3-44-51-68-66-0-END
Route_3: 0-38-56-62-16-37-11-25-0-END
Route_4: 0-26-57-14-47-4-60-55-65-27-0-END
Route_5: 0-52-54-5-46-63-42-0-END
Route_6: 0-67-21-61-64-53-18-31-0-END
Route_7: 0-7-23-58-12-22-43-0-END
Route_8: 0-19-24-28-34-0-END
Total Routed Nodes 69
Using no. Tracks: 9
Time Horizon: 45.46686816215515
Routing Total Cost: 1320.437720139374
