A-n45-k7
45
Route_0: 0-40-41-42-43-44-0-END
Route_1: 0-39-0-END
Route_2: 0-35-36-37-38-0-END
Route_3: 0-31-32-33-34-0-END
Route_4: 0-26-27-28-29-30-0-END
Route_5: 0-21-22-23-24-25-0-END
Route_6: 0-16-17-18-19-20-0-END
Route_7: 0-13-14-15-0-END
Route_8: 0-7-8-9-10-11-12-0-END
Route_9: 0-1-2-3-4-5-6-0-END
Total Routed Nodes 45
Using no. Tracks: 10
Time Horizon: 0.16619658470153809
Routing Total Cost: 2714.3518379713614
